10912
24671
39165
42707
42716
44858
48982
75765
204758
204812
240855
241892
242007
242017
242019
242044
242109
242211
242408
243820
243822
243823
243824
243825
243826
243827
243828
243838
243956
244453
244454
244498
244502
244562
244563
248493
248501
248612
253348
254613
254843
255417
256974
308558
308565
309519
309909
309995
310072
310659
310758
311178
311327
311715
311718
311721
311745
311935
311987
312268
312342
312581
312602
312632
313341
313628
313780
313790
313830
313891
314362
315119
315678
316460
316715
317599
317823
317829
319227
322602
325089
326395
329069
329077
329081
436524
436535
437122
444536
444540
444585
445953
449028
450513
451636
451802
452079
453053
454601
457791
463716
463717
470623
470771
470788
470793
470795
470796
470797
470947
470953
471321
471965
472190
485529
503523
544065
544887
547802
548211
653246
717591
775805
787722
816277
824207
824209
830041
854888
